17757142975
18768194084
13601924970
15376708617
18982673003
18624903361
15624963365
13110877732
15068835163
15590282801
15658016586
13524135135
13886089739
13865951218
15237124830
15962971712
15728004061
13867491269
13438096010
15288139859
15023798755
18658808525
15962469016
18950411196
18986095498
15873313033
13678661225
18876526740
15995297616
13955088356
15001208365
15817959162
15006297317
15060655071
15808073449
15088860288
13472127207
18780096512
18019962482
18326897782
15071398611
18128927095
18773369308
15578304069
18994022845
18816786947
15615707691
15343726678
15730632186
18101698787
15974299241
13598839227
18646554008
18511430633
15929267596
15295737369
13709633002
13432098101
13015418502
15702418335
15511365986
18969234966
13668070665
13982602938
13022258503
15066819727
13069208454
15613103950
13717207924
15251752060
15956699336
13373303900
15924197599
13347800205
13573595593
18762637596
15666662468
13915926186
13520251769
18520801671
13934111828
18651893639
15521337025
13790350394
13636419283
15852923978
13092020239
13433159531
15000259425
15927344843
15915764853
15915745415
13119146968
15623354305
13915994142
13995507017
15951262700
15069648612
15871154585
13588002873
15807085126
18931511879
13573421215
15800755232
13290513650
13225755433
18058647503
13791823821
15029898056
13132251069
13119146968
13652835446
15623354305
18814181698
15535956029
13915994142
13212746745
18814110134
13995507017
18877401775
13715912764
15318998678
15951262700
15069648612
15820106292
15871154585
18179144686
13588002873
18112608281
15357390686
15807085126
18931511879
15806023206
15905101123
18752063583
13573421215
15800755232
13290513650
13785999669
15529286990
13225755433
17858221153
13559573107
18058647503
15902742693
15295561917
13764692027
18788869585
13405558991
13791823821
15666464210
15398011290
18681364052
13102135560
13982672338
15610185088
15535956092
13817689668
15900845010
18606702229
13934419712
13236582086
18353688800
15211423256
18336270075
15675276417
18831130119
15906885468
15306917176
13616606628
15665512819
18844192865
15852772379
13122850372
13814798928
15021184548
18210442895
13970960603
18329586222
13260163428
13816705916